0.0713718763903628
-0.06788393094873646
0.05799314943501077
0.312856339614904
-0.9174274327418948
0.43721552366880667
-0.32524392164322324
-0.08972167751156612
-0.2869740402540435
0.4864601107363098
0.4939823731194579
0.5292155319766607
-0.6010621762558408
-0.5027221868856984
0.951885097958789
0.6279421714235001
-0.31233831147964675
-0.017395663657050697
0.11816154003601564
0.9745467636205047
-0.425315032446393
-0.006095104596140821
0.7241806190705764
0.1411788464619701
0.04566460060996791
-0.9788470169722072
0.9812111956947558
-0.5425201118143246
-0.6544541365806211
-0.43044659496586557
0.9226389705081524
0.3939634228859601
0.061251351660150055
-0.09962430398365463
-0.9001766514152822
0.3949360615730053
0.2313796724951167
0.7533416467280236
0.11944746897150238
-0.7081196617479102
-0.6141926613903705
0.2605883344740736
0.7309192146783632
-0.39795311971346226
0.6700400147619765
0.717307865635795
-0.04441661080069603
0.2533342108384855
0.02361189677157749
0.3917412037045338
-0.9047923940970353
0.5753591974419323
0.7587863659763383
-0.8627176256347646
0.36541003513522785
-0.24204748985317615
0.8252633735929757
0.21202841845672737
0.37039666246403735
0.4021389282057031
0.548551504287091
0.4161865151913775
0.6685824220011298
-0.7250069775802879
0.6941176413821035
0.42532990420257555
0.27437136813559726
-0.07141417722460419
0.3363782596132032
-0.972428973985576
0.0995746991928168
0.4545693000028672
-0.7989489740575111
0.8652989812074547
-0.9413504664988033
-0.6802282710967951
-0.09866257438627035
-0.7627938225311761
-0.15485741614708215
0.9645051748672422
-0.1971387120910597
-0.46609202297216035
-0.7675715670592205
0.6441155290671952
0.12923986382355013
0.9605358474207684
-0.8399674076901604
0.8556324340913939
-0.6403810102703276
0.3422643205206788
0.8375349442600772
-0.3847941115153639
0.9714549727113704
0.013808749623246408
0.6312509369059789
-0.16165724747959942
0.14628108204964074
0.06150978651596328
-0.4054087871551795
-0.8762139727482614
0.18314782107639038
-0.48330130035613283
0.16120439694482003
0.3532073992563385
-0.9461198399738155
-0.5083850580942342
-0.2592909978391327
-0.3072887793293755
-0.21375167446578125
-0.2957732972990883
-0.25997398362107704
-0.18152327783254196
-0.8243989703830024
0.3558820136441725
-0.12097550083721487
0.4876933155536254
-0.2975362566716795
-0.09420270213421023
-0.42260255476988573
-0.0627280713067313
-0.5269423083551756
-0.07103229212925832
0.6603868109377928
-0.983356780114516
0.5016480241303505
0.9491615111336849
0.6641812989045273
-0.5527181325127497
0.7180830542311476
-0.09376027780744334
-0.38248800434659347
0.15042477446504132
-0.2891600969867347
0.7471194627681752
-0.6658246625073589
-0.8042228049360531
0.4053437214440463
0.5222782270177646
0.9719154618043415
-0.40216768008734927
0.6292826375106395
0.3247741916600695
-0.1036988611376084
0.9227541104515211
-0.1689076971370549
-0.5736644933672956
0.7339353983908812
-0.5323956605152158
-0.9052626545481204
0.04515023384456551
-0.09245990418437677
-0.36497884039638473
-0.9666294991237401
-0.6774337868927487
-0.08384083894656524
0.05028565499484028
0.1464032190157949
0.2909886222250968
-0.8430711402270061
-0.04595991442246339
-0.2110257865793912
0.8828405445519689
-0.8194341420592262
0.4527507499967163
-0.9702437114298434
-0.6394687364973102
-0.06907325166678668
-0.6796651926220958
-0.6375057482956985
-0.060047065077851736
0.739696926226227
-0.7817990193477811
-0.5113800031614608
-0.16489285087925665
0.6304679693286273
-0.5627203624167763
0.20274464078066812
0.4690386712004524
-0.1678321016541635
0.5644476076889415
0.7897793910725301
-0.8236672249212413
-0.6899894322245796
-0.16291955087450383
-0.718108836259207
-0.6349887215270129
0.592833044564623
0.3732935439801339
-0.5745481489561062
0.8107390933144889
0.20889532086947815
-0.04823960692135154
-0.7274076292890472
-0.47616743281012575
-0.36208380474690216
0.5638264515077689
-0.061072930494394884
0.45963815926957596
0.8453264427226963
0.5719630284597028
0.2584662051626385
0.2354284960495323
-0.814580347002416
0.9824351434671785
-0.1813120636623584
0.9720411277858889
-0.25671295913128156
0.07638534506698447
-0.8268061124248194
0.39606275969890326
0.03112418500209624
0.4423623276058135
-0.09367413740968589
-0.581559252953527
-0.6372986200520174
-0.6853466533558135
0.6635742834646623
0.5479811205783789
-0.7995079791934896
-0.9543941597304071
0.2635621807398616
0.7032706434582539
-0.6968429712884898
-0.47354766733211306
-0.42815908264022307
0.25413879643501835
-0.4032141095177506
0.41998130294127667
-0.05631124496226203
0.4538535190102826
-0.6485011883571319
0.17972444173920632
-0.2674459896278687
-0.1841771947542803
-0.5342836885477191
-0.9958419621800663
-0.38726006999335905
0.4436515821847913
0.44360759663425076
0.1107464740457127
0.27938040329622593
-0.1590167966994911
-0.0030702432346958464
0.013481308336394049
0.46570839962173904
0.30763084221652215
0.11067585491727594
-0.15110023388728155
-0.842926331619194
0.671084060205162
-0.11735004232559998
0.2193932426944012
-0.6168825320431397
-0.19244748672820444
-0.5197069306120747
-0.49105499880037584
0.03396677996849817
0.1742879128382302
0.15378525647208785
0.17526471657080323
0.7732625371538364
0.40500314344161925
-0.5973469979679702
-0.8663854518756768
-0.6897098611162573
0.9127852721785827
-0.8861858120737434
-0.9785488657902073
0.04543362294251052
-0.6000226441297658
-0.22780438653133506
0.8693344519120947
0.41762715685316554
0.19208285053272767
-0.30923819706243894
-0.4976160778914671
0.15943219550560594
0.39282372912863406
0.6149961072538563
0.8578891011856806
-0.8951799084697287
-0.9999385278695794
0.02757943430339216
-0.6714887145232107
-0.8033057795782392
0.32736867272992765
0.01221348963060831
-0.7731595576267694
-0.09436143807398412
0.3436175879375616
0.6312402542962392
-0.48410074809363834
-0.6016677644550654
-0.12697160723758794
0.42991116207113755
-0.9384850704364196
0.48352341991598613
-0.009299971792861239
-0.09913689957586325
0.8363073123921574
0.6154088600941361
0.40372340120586947
-0.4744378987899025
-0.2586299944202499
-0.951282024507937
-0.8744450549582525
0.3551770829937846
0.010549281809348221
-0.38324571131039264
-0.6685928310757641
0.0015512478228074666
0.5235533180012806
0.5430997133652951
0.9249909212151493
0.37963976376841946
-0.22204647492432517
-0.8003598184894196
0.05202106622017322
-0.4240127726864056
0.7564664210028145
-0.21197530769704165
-0.4365225193515403
0.8135206891841302
-0.5252661881467209
-0.4513774817880949
-0.7383108570031938
0.6411363958972904
-0.39385369915000856
0.2904968558356904
0.6548889916895937
0.19726382737591264
-0.7459159033470637
0.7878658118734951
0.9009643708715145
-0.3202089183807437
0.6782763716119353
-0.09702464531148913
0.6387063492253662
-0.9995596204472255
-0.41919075284571283
0.1722615039396378
0.4849391393278213
-0.9901145534693525
-0.581359825376728
-0.9678679053295458
-0.8815106046496428
-0.34939500656745803
0.13330467487823827
-0.1373474659092384
0.07703259682574548
-0.07232956316705819
-0.3251701694136877
-0.40812850721046057
0.6604324497207779
-0.3166318841256208
0.7456966079030645
-0.26952301948949153
0.6642672564276297
0.8197609641863781
0.3020216582824702
-0.6040740184688547
-0.940185029455711
-0.1660040522022479
-0.4770433696873633
0.13714319662438568
-0.8081527368552843
0.3143677237694871
-0.8043677246177503
-0.8146609198462564
-0.4168394034974796
-0.6091477862592007
-0.2381982040653643
0.13344878842987762
0.0148509660788958
0.04202609192978368
0.6336662989218549
-0.01385166385631642
-0.8060835733555307
-0.3690076104170208
-0.18980634206488833
-0.9756439477906174
-0.9751496733246361
0.07613437490234909
0.3115695718833562
0.9925814010956102
-0.7305344051675677
0.6582241388489611
0.49824849040272445
-0.2555635597367165
-0.7907305663684325
0.623614402779342
0.9523994953824693
0.6710770226195724
-0.18271507872715986
-0.5360538938640946
-0.7266290740980592
0.9892963913324462
0.9012948792955955
0.036006606096712135
-0.12487478429085397
0.28044384401237066
0.6980611298473265
-0.468922686936178
0.6724238364714834
-0.45170283214673757
0.4781504916168262
-0.28868804172645346
0.4038702441028317
-0.49653077457212413
-0.13642289914798678
0.8013900652503751
-0.7362531838422406
0.7838811112203403
-0.23445149407028154
0.9568938600434791
-0.4990899650098308
0.38529111239432323
-0.8828186948663608
-0.6734413693890176
-0.3081640415508864
-0.29718326631746406
0.9061303411858175
-0.6162482320316933
0.5062368472472671
0.27384485248891965
0.4046528578059889
0.42323616535190145
0.9574969141716032
-0.43532459922585787
-0.050291158602555175
0.9024796282720791
0.3665045185224409
0.9576976134887469
0.1432743093551263
-0.3475274199091718
0.5662846235667158
-0.5271479621919157
0.9231251618093046
-0.10877882859444976
-0.7638342993010439
-0.30341681702319434
-0.40307474693317435
0.4437855393506369
0.6780409481525074
0.8934420331876574
0.6375318774394143
0.6059349944688033
0.8336137245976929
0.3399495196001199
-0.1949912675257528
-0.31580243001715225
0.8903441474315439
-0.4527128554073212
0.9909158660346176
-0.5967185578015448
0.43514225294686737
-0.7711688047911844
0.07302321483486973
-0.9074487815532875
0.7886816197622202
-0.3794968380581185
0.02367267719254129
-0.153555682044618
-0.1104655722172696
-0.9236401121653619
-0.46740742372927735
0.6994151579946994
-0.1038412949325691
-0.2611989545973441
-0.5149549394732535
-0.7358003708655336
-0.46390540319742546
0.5222248114180807
-0.22123341854113265
-0.7471064119783828
-0.8444435262855601
0.6509148436929226
-0.8317613985766932
-0.16645630192226935
-0.5910650940207434
-0.44360401107715397
-0.9075955325810563
0.8706513646921656
0.5765503008621313
-0.9335516357340072
0.7720262878993842
-0.24380642693074295
0.6103292916156025
-0.4925773131195086
-0.7445462284419764
-0.24153215414592055
0.18090210590600053
0.5934535578964868
0.5466550018155147
0.5992718767781626
0.23594729325835107
0.7906194858703057
0.4669375946648753
-0.6843691984331084
-0.12156088570048684
-0.7789475448522842
0.4818662496904933
-0.6295112265917118
-0.2652197942511545
0.11145246889003602
0.3674618280662687
0.4474845206428901
0.4066306057718787
-0.7075841890463039
0.29484351542296383
0.3981335346475807
-0.9134276952454896
-0.6805614763368422
-0.31994406203121906
0.4054430323966207
-0.033423465599012436
0.4134107269298728
0.9758991313138881
0.586188132356084
-0.3204306786683835
0.6078692126581873
-0.5248410594931416
-0.025217947541129382
-0.31178103697908166
0.24222964768650268
-0.8502873228350294
0.11487529338203495
-0.728603353456365
-0.7453270331750566
-0.4324366888455924
-0.6694783105614297
-0.4424095492574993
0.6053131348692229
0.00993366973676224
-0.8430460340143779
0.9158803506565096
-0.4002731368918313
0.05312975842169476
-0.6182877751124713
0.9389104403744746
0.8848793069390772
-0.9150388069085484
-0.31992603729235003
0.23862255916199837
0.4539316970399292
0.4930845475123802
-0.07556393866611688
0.324343203378439
-0.8766277558916054
-0.40728743844818927
-0.09449716652920537
-0.05585526791359241
0.6353617743839777
-0.24628726400385448
0.4238376889031794
-0.5557709403026116
-0.2098583048981708
0.6421937701094376
-0.5064625062900849
0.9374103739347093
-0.17219735860481866
0.009259260491476518
-0.2545051900035502
-0.6293979722403233
-0.34433324231201246
0.03968443496136387
0.025912543732014015
-0.057459681603985846
0.4569889376264178
0.9158504466525177
-0.34355763176392373
0.7468060243295578
