-0.31704975247519784
-0.11565071938328653
0.8398089031539644
0.5189309734611114
-0.12470769314333952
-0.2374359859046853
-0.6141132251059316
-0.3263945884703976
0.613126390324574
-0.8903032563484854
0.18379908428164216
-0.8616723913431563
-0.7582131394090961
-0.6591743022574037
0.2495261304957177
-0.1599458522164796
-0.842632085280625
-0.029821154285103235
-0.6240564686768086
0.14292226493024107
0.07319594224141723
0.13507781528944318
-0.18152304485093218
-0.5057042497081972
-0.8932615463211546
0.5830947765151111
0.44331454525654856
0.784786610040817
0.6123034449576479
-0.8091571627754675
0.6785685597772229
-0.43022556571786463
-0.0944137216013643
0.2566481275038486
-0.13926646506408114
-0.24497580865746893
-0.19067533599964603
0.04568075127615345
-0.6167603127457029
0.8665796010468292
-0.7049754341827712
0.3649487543353134
0.43085421625080644
-0.39481032228318536
0.40392411563685515
0.3068887300048173
-0.9768641319927709
0.028101715449991405
-0.898935133438874
-0.27588658917335884
0.592102015554167
0.40613451013942936
-0.2504569678642474
0.48420582251656197
0.383719117487723
0.5715212591264225
-0.5122831617180441
-0.897722658853964
-0.4002173377705094
-0.5979076956898282
-0.04965112860693632
0.9603346968358317
0.3862033366384494
-0.020056653432682703
-0.5046343223280874
-0.0036702901410152755
-0.4743279313524522
-0.08218440211201195
-0.6188804850021525
0.48209353981101066
-0.9928730936180838
0.3639899728896565
0.18474101647565377
-0.6918151669584942
-0.47859983054177735
-0.723422848349947
0.16037426975185132
0.05501024539961796
0.3718758521573
0.7006632106412636
-0.7932114491277074
0.05340249242214368
0.29094122079951146
-0.013152170748941705
0.6470648679918973
0.6241714468632793
0.21746950166732626
-0.8427087798697175
0.11875803543516872
0.7349689530349577
-0.7824768431366869
0.9554636837559756
0.5311381495958629
-0.5758608951352284
0.419921460517521
0.508369481660222
0.2668190153511534
0.5150518322347672
-0.9097318383266215
-0.014904875011274576
0.5882833080965886
0.380746655654288
-0.21851173895640064
0.15311067878124618
-0.44448202718933905
-0.18245879948388066
-0.12412260375825013
-0.6861700534961677
-0.330823349616729
0.4475878634708954
0.7731179874686736
0.7415144339448001
0.9243883655582519
0.4941890040047998
-0.5193279163374533
0.45468330974091486
-0.006464543986351545
0.26001039624749467
0.42741190323829437
-0.0832295104149765
-0.14797337743261307
0.18715991922025177
-0.051696480219604934
-0.9071528354763356
0.31929401972698845
-0.010573163388419182
0.07741121976223941
0.181807266170938
0.7079465136023748
0.020805685274237318
0.038444495114419386
-0.7015091227401822
-0.9427855086386938
-0.21924445039853802
-0.8634786977458371
0.3977982130611304
0.2725243466834639
-0.7445244378318903
-0.36822499140051645
0.8129267231955122
-0.09875549101994241
0.6558037763635312
0.6148864502758205
0.9224391801059386
-0.7546527238923293
-0.9638243988960351
-0.09342632895917258
-0.3340481200299268
-0.9550655072685246
0.26540613520947076
0.5675269973340182
0.8958080486371285
-0.937722243813421
-0.13111123547557235
-0.2677710545575114
0.8821796400514732
-0.44577285341124306
0.3731298115142121
0.16955203104977445
0.6816207885632235
-0.1584539789776469
-0.04263122448855894
-0.7750188398303379
0.5341722094554078
0.9669313053373705
-0.5466400096374369
-0.38624074526957575
0.971694688472158
-0.22081638941796355
0.03322049421803164
-0.08879110923758105
0.9001883914735131
0.6891929272774333
0.2865778416054514
-0.47406439521146004
0.5614325231280626
0.8141100171064757
0.8120780767368496
-0.5564285638775182
0.984357315819617
0.25927583194342363
0.9346430764140854
0.09317027894885
-0.6958602387304831
-0.11681463219418697
-0.2913047809032623
-0.6846794770455173
-0.8429082943653587
0.0489642829546022
-0.021106063664048547
0.6004927913092293
-0.7480130461304837
-0.41345882682559965
-0.05624166054022273
0.5180934559217161
-0.8264469204445741
0.4729001196065361
-0.596122784913764
0.5711492738188657
-0.5085694170437827
0.5835021611852107
-0.3247637587491583
0.5884997894153747
-0.6720189151129285
0.2761672376716746
-0.9904794666713452
0.20582831403633328
0.6809040194163853
0.5394112117954375
-0.7129217423184835
-0.011184816190089597
-0.9983007154217367
0.9704354226647962
0.7345595709874084
0.31615001066667325
-0.20140835363679943
0.9436702779129047
-0.5319264289657646
0.26709334491177406
-0.6373892585714171
0.9889762019308224
-0.22596735874297602
0.4477298496645963
0.1080985862518824
-0.38069046922759986
-0.7863157712908762
0.9420102012125029
-0.5260050675342685
-0.3691365510322797
-0.1263449126656222
0.38813053105994344
-0.1501717312390789
-0.7556027268551564
-0.61633576352498
0.5577515901824295
-0.42958079718878106
-0.6353291151986573
0.6838862883710122
0.7550139602401325
-0.33411940945323004
0.705603409671367
-0.05172276397399589
-0.1457427179873585
-0.2414232460915633
-0.43802059645997216
-0.4434987956729166
0.8598057142818538
-0.7337169321974484
0.6042283769952914
-0.4440745695930346
-0.5018656147203542
0.9008640625072872
-0.7689939161962578
0.666479588951753
0.5421850464329379
0.3443675390135408
0.7350106955131004
0.5550020110897991
-0.6804480950420793
0.9395098593897377
0.8206681260799731
0.8420251134957473
-0.8292877524016655
-0.7508951960611845
-0.14197461185589244
-0.8972202050327542
0.5004290949234602
0.4190686685385985
-0.33460631799071416
-0.014473587206187633
-0.4950935273653896
-0.5777902288870027
0.5839852507481844
0.49414854856338475
0.6592308207861262
-0.5349091281788796
0.14099229411210823
0.46827368213077447
0.6140860142196811
0.1078297234148955
0.6932585457945846
0.343013275594118
0.27768107017663657
0.9767819571630059
0.10189743350029845
0.3817421659766802
0.5482840873986949
0.34262793127026336
0.708914492963632
0.7491663475080084
-0.5852912945054893
-0.7085362055470632
-0.3299065482462935
0.02825561566176682
-0.04344799673533695
-0.2659246428540647
0.04411008358081858
-0.9165544107719652
0.15293664094628645
0.07865004581025015
0.9460399262436094
-0.46615752731295523
0.34796266076429627
0.034762964024615206
0.5441297266755316
-0.47600887478117415
0.7230276299094991
-0.278451818073165
-0.2880948064574176
-0.03390370988067937
-0.8093731539647433
0.020546879779263172
0.7433910896511844
-0.023586797591942155
-0.24880103796117914
0.9438010008774254
0.6974223035224283
0.83985423655121
0.5440344487014166
0.680339064246805
0.6577289542833527
-0.48931613040761257
-0.4247812951931078
-0.06072028122199136
0.47867926328553656
-0.6064950284424526
0.4200336656776178
0.22535604384449615
-0.5677297426824004
-0.05243537445152202
0.07419574419275787
0.7627415733900098
0.5801564608045842
-0.48126087381886173
0.5677603168116907
0.9256383456274988
0.6652120618777795
-0.27261739744489955
0.9574765125301772
-0.7608363028744152
-0.14967625163644338
0.7265546757570567
0.8778296127583212
0.28165240586946716
0.7278155842530252
0.6939683065177054
0.9579601664904078
-0.8504330990937405
-0.3188905650749263
0.032329559439923994
-0.8988964426050277
-0.46121126754589215
-0.09907142638282962
0.9265664522213204
0.8751458929732694
-0.048859426012715756
0.141554040046028
0.14277447449330616
-0.9226543155754805
-0.9474327234043556
0.6483482602779795
-0.7474667423701196
-0.08677638585722991
-0.21051767370122199
-0.4040391352485788
-0.17242253045123812
-0.8309239130426163
0.5123640166935717
-0.15266204022852015
-0.42636762349222534
-0.7404786925548938
0.06076418936364214
0.8768563064942161
0.8585541738645148
-0.9040607109159862
0.5314700227640157
0.2966092056720624
-0.3612583141076944
-0.6513785811606274
0.28163791455854925
-0.4169276836622029
0.3991149142622539
-0.13510296093800944
0.6112963337008286
-0.6779176356768071
-0.6042157747200654
-0.24254147290365013
0.5246925109813365
0.5732631953319545
0.2268617670104871
-0.008440935133079641
0.9875367949772444
0.8007380662953971
0.5556945950841763
-0.8232890390868748
-0.8227245558959857
-0.7748304098450143
0.6721280629316584
-0.2920360537627995
0.3661013694773638
-0.5771281733689213
-0.49876539703366607
-0.5962009815627693
0.2814910100037542
0.5309422277195375
-0.3447270689345463
-0.6478774967881067
0.056632203178737406
0.5130647102234693
0.17346959970739162
-0.19719794118561973
-0.7868122019106143
-0.40116268995837734
-0.29445706277048966
0.6346366152510075
-0.48858410285152143
-0.7698179581397542
0.06871877168161156
-0.8233931081639223
-0.04225197304113726
-0.3684031309703417
0.344313715734339
-0.02229432277766752
0.7775028221615345
-0.5332867294011501
0.978791382943117
0.49660031644645297
-0.2595089611657342
-0.04817398260587713
-0.2844759172726512
-0.37816688539419707
-0.1301521338232985
-0.732235295118016
0.6073215336314342
0.4352179808648673
-0.7304965161099441
-0.8553202752175779
-0.15388502192018017
0.6955457453448259
-0.4267163851082092
0.09001860058934974
-0.30498545470563987
0.14666234057783623
-0.6512910879451772
0.8881718451011038
0.41928559018126266
0.9434384553990334
0.6811391784217906
-0.27902990508331715
-0.21338372676456685
0.24110181245100315
-0.8810108901128528
0.5414184727870512
0.4433797705142315
0.30785609625937793
-0.821682949870572
-0.8212446360299759
-0.7275808431610555
-0.6023358752678671
-0.3148304128185653
-0.9388713926904686
-0.30078551857358193
0.05952606985783815
-0.6233594897026047
0.4128825416697621
-0.16288337909584594
0.5615359164923708
-0.6133180169619841
-0.6833457814341091
0.3486632498626474
-0.3275465653731544
-0.48971596482254953
0.12617935899767563
-0.051181478645438094
-0.8295185776360299
-0.530284546673337
0.3739124689353597
-0.4126930185787927
0.1383911487745082
0.7990990303905672
-0.461732016800934
0.5210405745572417
0.3560925494414664
-0.581329818193153
-0.18150753222418659
0.7239648243750703
0.9161980742922886
-0.5123519802344114
0.4108817461301064
0.38047958444957763
0.5650828692801197
-0.29527517648585433
0.6882590906105406
0.5699169760864458
0.21139707463914847
-0.13224138978723277
0.15533431586830204
-0.3266126379950711
-0.4540618850193321
0.20933094817032005
0.08576637290031486
-0.47936702917859364
0.7812460531362357
0.7924113322951198
-0.6575446399737408
-0.1566440292015725
-0.8537644278162422
-0.9195534246514676
-0.9592069148463755
-0.7871831503452917
-0.039366077710582426
0.6887722747626279
-0.5646958659448313
-0.6866736561617524
-0.13405506093806263
-0.7206785033778047
-0.3066873136540249
-0.860417472045869
-0.8958856340251034
0.578184031566926
-0.9350261342135373
0.5046332481502553
0.6120231186383833
0.5756469979695624
0.36721045611621084
0.10657134227974185
0.1393898466412138
-0.8890727345704994
-0.3302000360776971
0.3258988061941548
-0.40038443677627145
-0.7511178438780863
-0.394939833376454
0.9118245110421273
-0.5724417722754502
0.12356505047537114
-0.1817167919101801
0.7645869992560745
0.8451762617711347
0.2535693966332484
0.7342729008181557
-0.8677767194834634
-0.3745653428542697
-0.2733171506517593
0.036042095559172926
0.7140321218549277
-0.8031803991114155
-0.8935479016930508
-0.9650696070898215
-0.6006916270301084
0.7452610969870053
0.4308363916272193
0.4571055171415124
0.6687530609645287
-0.6527842120228156
-0.7467940368181492
0.07961521466791677
-0.9527076123338825
0.1071160409088765
0.3185202046529738
0.11985878997750166
0.4208664137922826
0.7743430225309722
-0.8274023331299221
0.31555115190556604
-0.4839232433944103
-0.6206630018798547
-0.2300308917131062
-0.7720442454479166
0.3904106010384951
-0.9445916724155661
-0.024117715068332934
